33 62 0.125131 179
36 62 0.091906 182
26 52 0.107061 124
26 53 0.093224 131
55 49 0.060702 185
33 62 0.090614 149
47 49 0.065446 162
41 49 0.096258 151
47 49 0.094963 169
45 49 0.082844 155
61 49 0.080812 223
43 49 0.093445 163
25 50 0.104724 115
26 61 0.091957 124
25 44 0.078381 100
32 49 0.072098 119
85 37 0.086218 206
38 49 0.069885 141
75 37 0.055619 181
44 49 0.056124 157
35 49 0.052891 123
55 37 0.035606 136
52 37 0.059310 128
50 37 0.047000 112
36 37 0.035648 79
32 37 0.039137 74
45 37 0.053704 108
44 37 0.014447 112
37 37 0.047523 93
31 37 0.016129 68
37 37 0.041892 87
27 32 0.037037 61
43 62 0.106670 217
37 62 0.038955 193
30 62 0.074701 141
26 51 0.058700 119
45 49 0.084538 159
49 49 0.091101 181
57 49 0.103997 201
32 62 0.096278 153
44 49 0.071889 163
57 49 0.093282 207
47 49 0.095199 160
41 49 0.080091 146
42 49 0.070238 154
43 49 0.094780 151
28 49 0.041887 98
37 49 0.093949 144
55 37 0.053939 142
81 37 0.033715 203
34 49 0.041398 133
59 37 0.042817 138
60 37 0.036468 140
62 37 0.043740 141
45 37 0.047566 115
26 37 0.016026 56
31 37 0.026882 71
55 37 0.042727 121
31 37 0.031183 65
27 25 0.006173 67
42 37 0.071032 96
56 37 0.033036 129
42 37 0.061253 100
25 37 0.000000 57
30 37 0.058333 74
28 56 0.046788 141
30 62 0.105763 153
34 62 0.085810 158
47 62 0.061681 226
30 62 0.075208 137
31 62 0.067712 136
30 62 0.107530 147
49 49 0.063192 173
27 51 0.048948 134
44 49 0.126862 157
39 49 0.090763 146
36 49 0.094062 128
52 49 0.072828 200
36 49 0.093530 134
93 37 0.091551 220
37 49 0.070278 128
31 49 0.054531 110
74 37 0.063304 183
26 38 0.036218 85
28 38 0.043070 99
41 49 0.057027 141
65 37 0.044359 156
65 37 0.064890 142
55 37 0.048182 123
36 37 0.026389 80
45 37 0.045556 108
27 37 0.041358 66
27 37 0.015432 58
42 37 0.047222 105
35 37 0.017687 85
26 29 0.044872 56
32 37 0.005208 71
29 62 0.080560 150
26 62 0.080716 149
31 62 0.101571 153
44 62 0.082079 207
47 49 0.075722 175
33 62 0.129721 159
33 62 0.054732 154
41 49 0.085464 144
54 49 0.087948 189
57 49 0.066907 217
44 49 0.107841 162
36 49 0.082638 136
47 49 0.083227 170
36 49 0.089969 121
43 49 0.094953 148
33 49 0.034175 125
56 37 0.061310 127
76 37 0.045833 175
26 44 0.054604 92
32 49 0.074888 110
64 37 0.071094 148
66 37 0.040909 152
51 37 0.046732 116
37 37 0.009009 81
33 37 0.056566 74
56 37 0.017857 128
49 37 0.035666 114
31 37 0.024194 69
26 37 0.016026 62
33 37 0.060606 77
30 37 0.012778 69
50 62 0.103911 240
52 62 0.054953 244
32 62 0.083265 150
35 62 0.085145 174
53 49 0.100240 187
47 49 0.115097 164
67 49 0.078690 232
59 49 0.099119 205
27 50 0.106782 133
50 49 0.051237 187
72 37 0.067317 175
91 37 0.085172 221
55 49 0.118112 201
40 49 0.089491 148
32 49 0.067198 112
39 49 0.056711 144
25 38 0.070571 96
41 49 0.083566 145
43 49 0.116131 163
37 49 0.047029 132
33 49 0.063300 109
73 37 0.055365 172
47 37 0.077482 118
53 37 0.072642 129
40 37 0.046667 98
41 37 0.057859 90
35 37 0.047619 76
25 37 0.030000 54
25 37 0.032381 55
48 37 0.036458 104
34 37 0.024510 74
27 53 0.032743 117
30 62 0.084393 143
71 49 0.072064 250
33 62 0.056777 165
40 62 0.090104 188
50 49 0.127803 186
29 62 0.068897 139
63 49 0.084383 236
25 50 0.071648 121
43 49 0.084109 152
39 49 0.075987 132
53 49 0.101868 188
62 49 0.070415 218
36 49 0.091799 123
43 49 0.066944 154
90 37 0.064207 215
37 49 0.050955 138
37 49 0.039189 131
27 39 0.047531 96
34 49 0.058571 120
61 37 0.036157 139
50 37 0.050111 133
72 37 0.073446 176
61 37 0.037705 134
48 37 0.017361 116
40 37 0.045833 91
33 37 0.011111 72
39 37 0.032479 92
39 37 0.058547 90
28 25 0.019643 63
42 37 0.030952 91
31 36 0.021505 74
37 62 0.077729 177
61 49 0.075507 224
25 62 0.074896 128
28 62 0.063421 119
72 49 0.103260 258
81 49 0.101999 285
30 52 0.085887 142
50 49 0.076595 182
28 59 0.081224 136
53 49 0.088698 206
52 49 0.078043 187
37 49 0.105398 136
45 49 0.077604 164
44 49 0.053946 161
42 49 0.088661 155
33 49 0.070707 118
35 49 0.043912 126
37 49 0.102988 129
27 40 0.062199 91
55 37 0.076190 140
27 38 0.055967 91
80 37 0.054157 188
70 37 0.053129 166
59 37 0.052946 132
34 37 0.063725 73
32 37 0.045312 80
33 37 0.040404 82
34 37 0.076961 73
35 37 0.029048 90
34 37 0.030322 78
28 37 0.023810 61
29 37 0.021552 65
25 62 0.149860 119
25 51 0.073109 119
33 62 0.088312 155
37 62 0.075810 177
43 62 0.073496 208
29 62 0.109095 136
55 49 0.118824 203
30 62 0.036349 132
28 55 0.100516 136
62 49 0.061960 225
93 37 0.081033 231
50 49 0.103494 184
44 49 0.058369 159
34 49 0.053431 118
50 49 0.069190 181
32 49 0.102393 109
27 39 0.041975 91
41 49 0.045850 141
55 37 0.077071 142
77 37 0.049258 186
51 37 0.021242 116
52 37 0.069231 119
43 37 0.049483 110
34 37 0.039542 78
28 35 0.040476 64
26 37 0.032051 56
49 37 0.039942 121
48 37 0.053819 111
26 27 0.006410 66
35 37 0.030442 83
26 37 0.028600 62
25 29 0.073333 58
25 55 0.043254 126
38 62 0.088803 185
45 62 0.092101 212
66 49 0.092358 238
57 49 0.083915 209
58 49 0.085694 208
47 62 0.087279 209
35 62 0.048050 173
58 49 0.077041 206
36 49 0.108676 141
53 49 0.051681 202
33 49 0.054642 136
38 49 0.078142 144
42 49 0.070380 149
28 47 0.079205 104
26 54 0.090860 128
43 49 0.052095 157
44 49 0.066813 147
33 49 0.054818 109
40 49 0.062560 138
75 37 0.062016 175
61 37 0.081304 136
39 37 0.035348 93
41 37 0.064228 105
40 37 0.032500 90
33 37 0.033058 85
36 37 0.025536 89
32 37 0.052083 90
26 34 0.022436 60
35 37 0.022789 79
35 37 0.026190 83
31 37 0.032258 65
57 49 0.099422 210
69 49 0.079647 247
34 62 0.063202 160
31 62 0.053559 141
28 54 0.087841 125
62 49 0.065306 227
42 62 0.067933 206
58 49 0.094943 206
66 49 0.054082 232
52 49 0.090148 187
42 49 0.077710 163
25 50 0.084365 116
25 51 0.079069 120
44 49 0.107067 157
52 49 0.075092 183
38 49 0.101692 135
34 49 0.083450 126
27 38 0.082172 91
34 49 0.032843 125
37 49 0.086315 131
81 37 0.047755 194
41 49 0.056082 143
27 38 0.052087 91
65 37 0.036667 164
66 37 0.018434 145
67 37 0.033138 160
51 37 0.039060 128
32 37 0.009651 82
42 37 0.015476 100
32 37 0.063194 86
33 37 0.043434 75
33 37 0.025253 77
