44
8
5
3
57
25
57
10
2
57
57
12
58
17
24
51
8
53
1
8
59
56
41
31
51
36
3
27
4
10
11
6
8
6
2
3
18
58
5
8
16
49
45
30
21
2
9
12
57
2
2
25
4
12
1
58
20
41
44
59
1
52
19
29
30
7
3
4
8
34
12
48
20
7
17
33
11
1
20
1
6
37
41
28
57
1
59
3
19
59
36
55
0
59
56
12
21
3
28
32
38
57
4
13
6
10
3
7
53
59
1
16
6
13
23
56
20
56
48
2
9
33
12
2
58
4
2
53
6
59
3
5
10
1
4
11
14
10
5
2
43
2
5
36
59
3
1
19
8
3
54
56
0
9
2
8
8
48
50
36
18
13
7
18
7
5
33
18
7
3
12
4
22
56
7
12
20
56
26
25
59
1
20
53
23
33
13
40
55
17
2
7
48
53
58
7
17
43
8
56
59
3
8
0
0
50
57
0
3
40
9
3
26
33
24
35
31
23
5
3
57
58
33
57
10
14
19
2
2
32
3
29
57
60
45
26
18
2
57
1
0
3
21
59
2
59
4
4
25
24
18
4
30
60
20
58
23
0
9
5
1
56
33
58
7
0
54
59
55
57
43
27
3
23
56
57
18
2
59
59
4
1
16
7
6
57
11
6
1
33
59
34
59
48
58
34
24
26
59
1
56
1
59
5
52
0
26
56
1
0
58
59
23
57
16
20
3
58
9
59
48
14
14
18
58
36
51
58
16
57
44
45
1
58
4
59
14
23
56
15
3
52
59
38
53
55
26
22
14
23
18
5
6
53
17
2
45
32
0
31
31
0
56
3
14
7
33
19
2
35
22
43
57
56
9
14
10
56
50
49
49
16
46
11
58
3
53
21
59
6
27
26
58
52
10
14
34
37
56
4
24
11
25
19
52
56
55
7
59
13
27
31
6
3
10
50
56
4
13
5
14
51
16
23
59
60
23
36
56
15
10
23
14
35
54
58
56
16
16
59
5
54
6
6
58
7
26
20
49
58
55
57
59
59
51
57
58
55
33
31
8
18
59
21
36
36
14
49
57
27
21
59
14
57
6
59
32
36
36
33
36
8
26
42
6
59
57
23
55
30
5
35
30
12
58
58
53
57
39
58
49
23
46
59
32
53
57
21
12
9
12
13
9
48
17
8
21
39
60
8
34
10
59
54
22
10
33
21
27
25
26
59
55
46
57
44
60
20
27
26
59
55
59
9
40
37
6
40
12
12
56
58
45
38
27
27
19
14
41
45
57
15
12
23
41
41
49
44
14
6
13
6
54
9
12
12
59
4
24
14
25
17
13
12
58
56
57
57
7
14
58
59
33
5
57
7
13
5
35
59
45
6
26
18
16
56
35
60
28
14
13
9
19
18
40
9
58
56
33
58
57
58
11
55
32
17
49
34
37
38
8
18
28
56
9
14
51
24
54
57
24
52
59
43
43
37
31
58
6
55
3
8
55
35
19
12
6
34
43
54
31
17
57
31
41
55
17
13
22
29
57
12
8
7
27
28
15
5
24
12
12
55
22
52
13
52
13
37
12
50
20
30
48
58
17
12
37
26
59
7
7
22
11
38
49
9
57
56
56
33
56
59
15
14
52
44
21
28
21
16
59
18
12
60
8
12
58
12
9
6
35
3
59
35
12
9
22
28
16
6
42
5
2
7
14
20
59
27
58
14
50
55
14
14
6
49
53
55
6
25
30
4
57
34
7
56
27
8
14
19
23
9
59
57
10
58
20
26
17
26
9
59
27
13
8
43
38
59
11
59
2
24
36
20
56
56
12
59
3
21
18
58
10
59
43
53
57
7
4
14
5
8
19
38
33
19
9
11
14
7
31
12
42
7
56
58
14
59
47
23
10
11
58
13
42
16
19
31
28
53
20
12
58
25
33
49
49
55
22
48
60
32
14
56
11
6
9
3
35
43
24
46
52
55
42
10
26
50
19
42
60
49
3
14
46
7
42
27
17
58
53
29
57
24
44
57
59
12
59
46
33
55
32
60
3
59
32
10
13
27
56
10
33
43
11
22
59
30
8
9
37
28
20
14
7
59
21
56
59
12
39
35
52
55
32
5
58
33
23
21
22
56
59
59
25
57
9
34
55
13
4
41
36
